[gd_scene load_steps=12 format=3 uid="uid://83wccexl0opk"]

[ext_resource type="Script" path="res://scenes/levels/overworld/overworld.gd" id="1_p8aow"]
[ext_resource type="Script" path="res://src/scripts/sun.gd" id="2_7bfvv"]
[ext_resource type="PackedScene" uid="uid://bs4j6acxwyjdx" path="res://scenes/actors/characters/player/player.tscn" id="3_hgl8u"]
[ext_resource type="PackedScene" uid="uid://c8btc1fg5ahjh" path="res://scenes/actors/buildings/hospital.tscn" id="7_m3eiq"]
[ext_resource type="PackedScene" uid="uid://cwvedt0rv1gh2" path="res://scenes/actors/ocean/ocean.tscn" id="9_3jw8t"]
[ext_resource type="PackedScene" uid="uid://bk67yky6u57ss" path="res://scenes/actors/heightmap_terrain/heightmap_terrain.tscn" id="11_pw2io"]
[ext_resource type="PackedScene" uid="uid://d2nw0hqf5njea" path="res://scenes/actors/buildings/home.tscn" id="12_vqy45"]
[ext_resource type="PackedScene" uid="uid://cleywp2ohgotd" path="res://scenes/actors/buildings/gym.tscn" id="13_rn54b"]

[sub_resource type="ProceduralSkyMaterial" id="ProceduralSkyMaterial_rn7lj"]
sky_top_color = Color(0.196078, 0.384314, 0.945098, 1)
sky_horizon_color = Color(0.573529, 0.646078, 0.770588, 1)
ground_bottom_color = Color(0.0980392, 0.2, 0.137255, 1)
ground_horizon_color = Color(0.573529, 0.646078, 0.770588, 1)

[sub_resource type="Sky" id="Sky_d60pc"]
sky_material = SubResource("ProceduralSkyMaterial_rn7lj")

[sub_resource type="Environment" id="Environment_h52mc"]
background_mode = 2
sky = SubResource("Sky_d60pc")
ambient_light_source = 3
tonemap_mode = 2
glow_enabled = true

[node name="Overworld" type="Node"]
script = ExtResource("1_p8aow")

[node name="WorldEnvironment" type="WorldEnvironment" parent="."]
environment = SubResource("Environment_h52mc")

[node name="DirectionalLight3D" type="DirectionalLight3D" parent="."]
transform = Transform3D(1, 0, 0, 0, -0.961204, -0.275839, 0, 0.275839, -0.961204, 0, 0, -0.00407219)
shadow_enabled = true
script = ExtResource("2_7bfvv")

[node name="Player" parent="." instance=ExtResource("3_hgl8u")]
transform = Transform3D(-0.989016, 0, 0.147809, 0, 1, 0, -0.147809, 0, -0.989016, 13.1251, 1.50312, 15.9455)

[node name="Terrain" parent="." instance=ExtResource("11_pw2io")]

[node name="Buildings" type="Node" parent="."]

[node name="Hospital" parent="Buildings" instance=ExtResource("7_m3eiq")]
transform = Transform3D(0.615538, 0, 0.788107, 0, 1, 0, -0.788107, 0, 0.615538, -6.19224, 1.95756, 27.5098)

[node name="Home" parent="Buildings" instance=ExtResource("12_vqy45")]
transform = Transform3D(0.707156, 0, -0.707057, 0, 1, 0, 0.707057, 0, 0.707156, -15.7217, 8.017, 9.80853)

[node name="Gym" parent="Buildings" instance=ExtResource("13_rn54b")]
transform = Transform3D(-0.422618, 0, -0.906308, 0, 1, 0, 0.906308, 0, -0.422618, 19.6, 1.56876, -4)

[node name="Ocean" parent="." instance=ExtResource("9_3jw8t")]
transform = Transform3D(1, 0, 0, 0, 1, 0, 0, 0, 1, 0, 0.0454607, 0)
